levelArea 400.000000 700.000000 99.999977 99.999977 1
levelArea 375.000000 575.000000 99.999977 99.999977 2
levelArea 500.000000 575.000000 99.999977 99.999977 2
levelArea 125.000000 700.000000 100.00001 99.999977 1
levelArea 0.000000 700.000000 100 99.999977 0
levelArea 250.000000 450.000000 100.00001 99.999977 2
levelArea 250.000000 575.000000 100.00001 99.999977 2
levelArea 125.000000 575.000000 100.00001 99.999977 1
levelArea 0.000000 575.000000 100 99.999977 2
levelArea 500.000000 450.000000 99.999977 99.999977 2
levelArea 375.000000 450.000000 100.00001 99.999977 0
levelArea 0.000000 450.000000 99.999985 99.999985 1
levelArea 500.000000 325.000000 100 99.999977 1
levelArea 125.000000 450.000000 100 99.999985 2
levelArea 375.000000 325.000000 99.999985 99.999985 1
levelArea 250.000000 325.000000 100.00001 99.999977 1
levelArea 125.000000 325.000000 99.999985 99.999985 1
levelArea 0.000000 325.000000 100 99.999985 1
levelArea 500.000000 200.000000 100 99.999985 1
levelArea 625.000000 450.000000 99.999977 99.999977 1
levelArea 375.000000 200.000000 99.999985 99.999992 1
levelArea 250.000000 200.000000 100.00001 99.999977 1
levelArea 125.000000 200.000000 100 99.999985 1
levelArea 0.000000 200.000000 100 99.999985 0
goal 6.713013 747.233520 10 10
player 31.713013 747.233520 10 10
goal 199.520630 756.046750 10 10
player 139.520630 756.046750 10 10
goal 70.000000 235.000000 10 10
goal 202.707090 243.770020 10 10
goal 435.000000 265.000000 10 10
goal 320.000000 240.000000 10 10
goal 680.000000 485.000000 10 10
goal 560.000000 255.000000 10 10
goal 65.000000 365.000000 10 10
goal 200.176150 352.991090 10 10
goal 325.000000 377.362180 10 10
goal 450.000000 375.000000 10 10
goal 325.000000 480.000000 10 10
goal 315.000000 605.000000 10 10
goal 200.000000 610.000000 10 10
goal 85.000000 615.000000 10 10
goal 565.000000 515.000000 10 10
goal 70.000000 480.000000 10 10
goal 565.000000 355.000000 10 10
goal 200.000000 492.362180 10 10
key 265.000000 650.000000 10 10
key 190.000000 625.000000 10 10
key 50.000000 595.000000 10 10
key 565.000000 490.000000 10 10
player 265.000000 480.000000 10 10
player 295.000000 620.000000 10 10
player 140.000000 610.000000 10 10
player 10.000000 615.000000 10 10
player 535.000000 490.000000 10 10
player 20.000000 480.000000 10 10
player 525.000000 390.000000 10 10
player 150.000000 492.362180 10 10
player 139.486690 353.130490 10 10
player 305.000000 337.362180 10 10
player 389.310550 375.139400 10 10
player 25.000000 365.000000 10 10
player 530.000000 255.000000 10 10
player 157.414250 243.906130 10 10
player 25.000000 245.000000 10 10
player 405.000000 230.000000 10 10
player 260.000000 240.000000 10 10
player 665.000000 510.000000 10 10
ballKey 71.713013 732.233520 10 10
goal 420.000000 492.362180 10 10
key 450.000000 492.362180 10 10
player 390.000000 492.362180 10 10
ballKey 145.000000 720.000000 10 10
goal 520.000000 645.000000 10 10
player 540.000000 635.000000 10 10
key 585.000000 645.000000 10 10
goal 380.000000 610.000000 10 10
player 400.000000 635.000000 10 10
key 460.000000 610.000000 10 10
key 540.000000 610.000000 10 10
key 570.000000 610.000000 10 10
goal 445.000000 735.000000 10 10
player 445.000000 760.000000 10 10
key 695.000000 500.000000 10 10
levelGeo 10
M 93.426053 729.8713
L 71.71302 762.2335
L 56.71302 762.2335
L 56.71302 752.2335
L 43.40796 752.2335
L 43.42606 762.2335
L 5.0 762.2335
L 5.0 730.0
C 34.99834 729.7112 63.42644 729.8713 93.426053 729.8713
Z
levelGeo 5
M 145.0 487.36221
L 165.0 487.36221
L 165.0 502.99971
L 145.0 502.99971
Z
levelGeo 9
M 20.0 230.0
L 85.0 230.0
L 85.0 255.0
L 65.0 255.0
L 65.0 245.0
L 45.0 245.0
L 45.0 255.0
L 20.0 255.0
Z
levelGeo 5
M 400.0 225.0
L 450.0 225.0
L 450.0 240.0
L 400.0 240.0
Z
levelGeo 5
M 655.0 480.0
L 695.0 480.0
L 695.0 520.0
L 655.0 520.0
Z
levelGeo 7
M 152.57246 230.1067
L 189.5 230.1067
L 189.25 248.1965
L 178.0 247.9465
L 178.0 256.4465
L 152.57246 256.4465
Z
levelGeo 9
M 135.0 350.0
L 212.8125 350.0
L 212.8125 365.6562
L 193.875 365.6562
L 193.875 405.4062
L 152.5 405.4062
L 152.5 365.6562
L 135.0 365.6562
Z
levelGeo 13
M 405.0 330.0
L 445.0 330.0
L 445.0 370.0
L 465.0 370.0
L 465.0 385.0
L 445.0 385.0
L 445.0 420.0
L 405.0 420.0
L 405.0 385.0
L 385.0 385.0
L 385.0 370.0
L 405.0 370.0
Z
levelGeo 7
M 575.0 350.0
L 575.0 380.0
L 565.0 380.0
L 565.0 400.0
L 525.0 400.0
L 525.0 350.0
Z
levelGeo 5
M 15.0 475.0
L 35.0 475.0
L 35.0 490.6375
L 15.0 490.6375
Z
levelGeo 5
M 15.0 510.0
L 85.0 510.0
L 85.0 525.0
L 15.0 525.0
Z
levelGeo 5
M 525.0 470.0
L 555.0 470.0
L 555.0 500.0
L 525.0 500.0
Z
levelGeo 7
M 5.0 610.0
L 20.42881 610.0
L 55.0 625.0
L 55.0 640.0
L 20.42881 625.0
L 5.0 625.0
Z
levelGeo 5
M 130.0 605.0
L 220.0 605.0
L 220.0 620.0
L 130.0 620.0
Z
levelGeo 5
M 290.0 589.99998
L 330.0 589.99998
L 330.0 629.99998
L 290.0 629.99998
Z
levelGeo 7
M 260.0 475.0
L 305.0 475.0
L 305.25 530.0
L 280.0 530.0
L 280.0 490.0
L 260.0 490.0
Z
levelGeo 9
M 525.0 225.0
L 575.0 225.0
L 575.0 265.0
L 555.0 265.0
L 555.0 240.0
L 545.0 240.0
L 545.0 265.0
L 525.0 265.0
Z
levelGeo 9
M 20.0 360.0
L 40.28436 360.0
L 40.28436 370.0
L 59.71564 370.0
L 59.71564 360.0
L 80.0 360.0
L 80.0 377.5359
L 20.0 377.5359
Z
levelGeo 11
M 320.0 332.3622
L 320.0 347.3622
L 295.0 347.3622
L 295.0 372.3622
L 340.0 372.3622
L 340.0 387.3622
L 310.0 387.3622
L 310.0 420.0
L 280.0 420.0
L 280.0 332.3622
Z
levelGeo 5
M 300.0 235.0
L 350.0 235.0
L 350.0 250.0
L 300.0 250.0
Z
levelGeo 5
M 385.0 475.0
L 465.0 475.0
L 465.0 505.0
L 385.0 505.0
Z
levelGeo 5
M 139.52063 716.04676
L 159.52063 716.04676
L 159.52063 731.68426
L 139.52063 731.68426
Z
levelGeo 5
M 139.52063 751.04676
L 209.52063 751.04676
L 209.52063 766.04676
L 139.52063 766.04676
Z
levelGeo 7
M 515.0 605.0
L 555.0 605.0
L 555.0 645.0
L 535.0 645.0
L 535.0 655.0
L 515.0 655.0
Z
levelGeo 5
M 256.0411 235.0
L 274.82114 235.0
L 274.82114 250.0
L 256.0411 250.0
Z
levelGeo 5
M 390.0 605.0
L 430.0 605.0
L 430.0 645.0
L 390.0 645.0
Z
levelGeo 5
M 410.0 730.0
L 490.0 730.0
L 490.0 770.0
L 410.0 770.0
Z
